-0.29163635
-0.0034881001
0.28653175
-0.4885771
0.24510138
0.35074162
-0.61089855
0.34139827
0.45272997
0.13010387
0.33517268
0.49976754
-0.0010971482
0.008523293
0.4942428
-0.44988236
-0.5407355
-0.5393204
-0.25891748
-0.32994583
0.39662176
-0.13279234
-0.48593524
-0.33220398
0.73855233
0.20842786
0.04737467
0.029370422
-0.21748653
0.2025542
0.78802395
-0.6266658
-0.2940872
0.20416273
0.20684122
-0.16090111
-0.12772182
0.13359517
-0.5909696
-0.671644
0.27210006
0.35933572
-0.124232195
0.4978368
0.21287788
0.5163207
-0.22670373
0.21003489
-0.44399822
-0.33127657
0.16942263
-0.40708166
0.60641706
-0.09358199
0.3893363
-0.69558764
-0.22159258
-0.0840239
-0.34563124
0.03844416
-0.027773844
0.25406682
0.7423753
-0.23311253
-0.24998789
0.2587282
-0.42816323
-0.8678054
0.6609319
0.21809821
-0.21960105
0.074491
